Positive numbers go into the queue, 0 dequeues an element, and any negative number terminates the program.

Q: 23 


Q: 23 3 


Q: 23 3 10 


Q: 23 3 10 13 


-> 23
Q: 3 10 13 


-> 3
Q: 10 13 


Q: 10 13 56 


Q: 10 13 56 57 


-> 10
Q: 13 56 57 


-> 13
Q: 56 57 


-> 56
Q: 57 


Q: 57 44 


Q: 57 44 90 


Q: 57 44 90 17 


Q: 57 44 90 17 12 


Q: 57 44 90 17 12 29 


Q: 57 44 90 17 12 29 15 


Q: 57 44 90 17 12 29 15 10 


Q: 57 44 90 17 12 29 15 10 9 


Q: 57 44 90 17 12 29 15 10 9 43 


Q: 57 44 90 17 12 29 15 10 9 43 11 


Q: 57 44 90 17 12 29 15 10 9 43 11 87 


Dequeuing the elements of the queue:
-> 57
Q: 44 90 17 12 29 15 10 9 43 11 87 

-> 44
Q: 90 17 12 29 15 10 9 43 11 87 

-> 90
Q: 17 12 29 15 10 9 43 11 87 

-> 17
Q: 12 29 15 10 9 43 11 87 

-> 12
Q: 29 15 10 9 43 11 87 

-> 29
Q: 15 10 9 43 11 87 

-> 15
Q: 10 9 43 11 87 

-> 10
Q: 9 43 11 87 

-> 9
Q: 43 11 87 

-> 43
Q: 11 87 

-> 11
Q: 87 

-> 87
Q: 

